read,type,id,X,Y,Z
1,1,1,630,2,10
2,3,1,268,595,16
3,5,2,270,506,6
4,1,3,222,577,11
5,3,1,304,320,18
6,5,3,152,97,8
7,4,3,646,399,9
8,3,2,716,175,11
9,2,2,137,576,5
10,5,1,481,545,12
11,1,3,747,148,19
12,1,2,666,259,23
13,5,2,424,205,21
14,4,1,509,1,13
15,3,2,577,123,19
16,1,2,16,539,24
17,2,3,376,439,3
18,4,1,324,433,8
19,5,1,185,202,9
20,2,2,609,159,7
21,1,2,186,332,20
22,5,2,347,261,15
23,4,2,189,208,20
24,3,2,590,498,22
25,2,1,711,411,10
26,5,1,345,34,14
27,1,3,269,599,23
28,4,3,393,324,23
29,3,1,513,254,12
30,4,3,723,258,19
31,4,1,26,566,4
32,3,2,47,505,11
33,1,1,465,225,25
34,3,3,69,269,12
35,2,3,495,275,25
36,3,3,742,520,11
37,1,2,734,64,16
38,3,1,562,526,17
39,4,3,648,336,14
40,1,2,110,93,5
41,2,3,194,96,7
42,4,3,130,105,16
43,3,2,93,178,18
44,3,3,473,177,15
45,5,2,503,509,2
46,5,3,142,451,23
47,2,1,514,454,16
48,3,2,159,336,2
49,3,1,605,8,13
50,3,2,730,434,20
51,3,2,758,569,10
52,3,3,451,3,22
53,4,2,491,144,6
54,2,3,421,458,23
55,1,3,570,25,10
56,2,2,497,226,7
57,2,1,796,39,5
58,1,2,11,140,17
59,3,2,745,58,1
60,2,1,478,438,21
61,3,1,564,378,23
62,1,1,271,135,3
63,1,1,739,516,18
64,5,2,321,481,3
65,5,3,188,66,22
66,4,1,546,407,17
67,5,3,47,322,1
68,1,1,439,568,9
69,2,2,113,85,2
70,3,2,210,555,25
71,5,1,118,283,24
72,1,1,793,493,17
73,1,1,136,506,13
74,3,3,52,335,24
75,3,1,329,393,21
76,3,2,522,243,15
77,1,1,615,494,20
78,5,1,610,49,5
79,4,3,748,76,24
80,2,1,93,378,11
81,4,1,102,237,7
82,2,1,642,563,11
83,1,3,293,546,24
84,2,2,612,552,16
85,3,1,744,7,9
86,5,1,252,237,4
87,1,3,725,453,1
88,2,2,567,483,6
89,2,3,81,207,10
90,1,3,427,6,2
91,1,1,689,167,20
92,5,3,706,375,22
93,3,2,257,515,25
94,2,1,433,388,17
95,2,1,634,90,18
96,4,3,418,121,25
97,4,2,280,466,16
98,4,1,279,108,7
99,1,2,55,530,12
100,3,2,594,515,23
101,5,3,498,256,6
102,4,1,449,493,1
103,3,2,238,233,1
104,4,2,450,109,5
105,5,1,135,145,16
106,4,1,193,427,16
107,5,1,431,396,14
108,1,3,455,302,13
109,3,2,307,441,16
110,1,3,612,191,6
111,1,1,159,188,10
112,3,2,291,357,7
113,2,1,287,468,21
114,2,2,164,70,6
115,5,3,567,292,14
116,1,3,579,579,2
117,1,1,757,250,3
118,4,1,63,354,5
119,2,3,267,566,24
120,1,2,302,499,21
121,1,2,104,54,11
122,2,2,287,525,11
123,4,3,230,474,6
124,4,2,146,514,23
125,3,2,287,593,25
126,1,2,786,129,23
127,2,2,712,532,4
128,3,2,277,357,8
129,2,2,758,477,11
130,3,3,610,459,15
131,2,3,679,278,1
132,4,1,738,116,12
133,5,1,169,403,22
134,1,1,127,166,7
135,3,1,501,405,22
136,4,3,195,486,21
137,1,1,618,495,21
138,1,3,611,577,18
139,4,3,609,269,21
140,4,1,506,121,14
141,2,1,319,63,6
142,2,2,694,84,8
143,5,3,759,183,5
144,2,3,217,39,13
145,5,3,262,292,18
146,2,1,752,591,2
147,5,2,673,595,9
148,2,3,396,323,16
149,4,1,58,67,7
150,4,1,420,17,25
151,2,1,773,164,4
152,5,1,188,391,19
153,5,1,771,563,9
154,3,3,443,11,21
155,5,3,464,236,25
156,4,2,14,349,23
157,4,1,89,505,12
158,2,2,569,179,17
159,4,1,170,584,20
160,1,3,223,105,21
161,5,3,414,3,4
162,3,1,315,309,13
163,3,2,568,507,7
164,5,1,661,95,15
165,1,2,131,73,5
166,5,1,547,554,25
167,3,1,280,339,14
168,4,2,395,478,7
169,2,2,638,315,15
170,4,2,542,119,24
171,3,2,563,175,9
172,4,1,14,549,2
173,3,3,800,390,16
174,5,3,572,517,16
175,4,1,683,265,11
176,4,1,599,288,20
177,3,1,394,358,7
178,2,3,559,343,21
179,3,3,535,540,8
180,5,3,26,54,9
181,4,3,37,94,15
182,1,1,506,101,4
183,3,3,456,273,18
184,1,1,152,1,8
185,3,2,290,242,11
186,4,1,36,383,25
187,5,2,264,427,6
188,2,1,448,418,9
189,3,3,171,364,11
190,1,3,308,593,23
191,3,3,466,309,1
192,1,3,146,579,17
193,2,3,96,599,2
194,2,3,599,257,6
195,4,1,538,99,7
196,3,3,401,293,8
197,4,3,645,480,13
198,2,3,750,256,17
199,1,1,721,35,22
200,5,1,481,518,10
201,3,3,131,427,8
202,2,1,102,387,12
203,1,3,663,188,12
204,2,2,477,536,4
205,3,2,172,294,4
206,5,3,265,362,8
207,4,2,559,267,1
208,5,2,242,394,3
209,3,2,413,429,4
210,1,2,310,258,18
211,2,2,686,389,7
212,2,3,84,204,25
213,3,1,234,318,5
214,1,1,656,56,1
215,1,1,242,84,22
216,1,2,708,146,2
217,5,3,324,432,7
218,1,1,411,402,15
219,5,2,303,152,23
220,1,1,412,126,19
221,3,1,191,69,10
222,4,2,760,279,22
223,1,1,393,56,2
224,1,2,536,128,9
225,4,2,416,422,21
226,2,1,627,178,5
227,2,3,487,439,13
228,5,2,587,237,13
229,2,1,603,493,24
230,2,3,193,154,13
231,3,1,11,400,3
232,3,3,156,500,22
233,5,1,1,546,18
234,3,3,188,205,13
235,2,3,450,360,9
236,2,2,83,466,2
237,3,3,753,410,4
238,5,3,411,218,7
239,5,1,238,196,19
240,3,3,422,198,2
241,1,2,352,39,9
242,4,2,662,155,10
243,5,1,38,475,13
244,2,2,781,7,1
245,2,2,270,138,3
246,5,3,600,570,20
247,4,2,418,430,4
248,4,2,168,80,4
249,3,1,267,494,8
250,4,3,614,76,11
251,3,2,467,596,21
252,4,2,136,286,4
253,5,3,606,42,18
254,5,2,660,460,6
255,4,2,87,308,5
256,3,2,140,388,10
257,3,1,518,498,20
258,4,3,562,142,2
259,4,2,259,532,17
260,4,3,367,138,8
261,5,3,191,562,21
262,2,3,596,294,25
263,4,1,788,60,6
264,2,1,250,37,13
265,5,1,80,451,16
266,5,2,372,39,8
267,2,3,764,26,4
268,2,1,136,137,6
269,1,3,639,181,23
270,1,2,107,337,6
271,5,1,725,292,4
272,3,3,182,301,20
273,1,1,681,309,9
274,3,1,584,486,12
275,2,3,682,65,9
276,4,3,618,276,20
277,2,3,359,8,13
278,2,1,691,6,18
279,3,2,59,388,10
280,5,3,171,334,7
281,5,3,70,400,1
282,1,2,314,74,17
283,2,3,208,424,2
284,5,2,102,493,20
285,2,3,147,415,5
286,2,2,536,583,7
287,1,3,165,437,17
288,2,3,356,570,4
289,3,2,633,586,22
290,5,3,514,42,20
291,5,3,235,470,8
292,5,2,576,506,6
293,5,3,10,79,10
294,5,1,467,5,14
295,5,2,215,236,11
296,4,1,380,390,23
297,3,1,700,288,20
298,5,2,350,201,20
299,3,1,291,188,14
300,3,3,422,281,20
301,5,1,173,478,14
302,2,3,765,164,11
303,3,1,755,38,21
304,4,2,270,61,12
305,1,1,535,402,22
306,5,3,618,450,2
307,1,1,236,387,3
308,3,3,84,566,23
309,4,3,297,295,17
310,1,1,218,454,7
311,4,3,150,36,19
312,4,2,145,65,20
313,5,3,512,358,23
314,1,2,513,114,22
315,4,2,143,369,10
316,1,3,650,166,9
317,4,1,506,327,5
318,3,2,413,144,21
319,3,1,762,292,25
320,4,3,604,1,8
321,4,3,213,528,17
322,3,3,221,582,11
323,5,2,134,420,21
324,1,3,334,137,8
325,2,2,140,282,1
326,2,3,502,414,1
327,4,3,425,296,3
328,1,2,148,236,13
329,3,3,227,461,21
330,2,2,762,12,11
331,3,1,35,22,2
332,2,1,780,145,9
333,1,1,438,354,15
334,2,2,738,292,13
335,5,1,93,509,20
336,3,1,210,82,21
337,2,1,689,91,1
338,4,2,252,555,9
339,1,1,665,239,23
340,1,2,496,328,12
341,5,2,786,74,25
342,3,2,236,417,14
343,3,3,333,241,3
344,3,1,686,83,2
345,5,3,787,78,16
346,2,1,285,5,17
347,1,2,366,357,22
348,5,3,553,92,14
349,5,1,271,386,13
350,2,1,752,118,15
351,2,3,93,488,19
352,4,1,543,155,13
353,2,1,761,417,16
354,5,3,401,525,10
355,3,2,681,190,24
356,5,1,636,504,16
357,3,3,756,171,19
358,4,1,291,238,24
359,5,1,730,540,12
360,4,2,710,199,24
361,4,2,322,303,6
362,3,1,274,565,8
363,5,2,717,306,1
364,1,3,37,288,20
365,3,1,478,95,7
366,5,3,408,163,10
367,2,1,84,26,3
368,3,3,543,586,21
369,2,3,632,8,24
370,5,2,535,149,13
371,4,3,514,367,20
372,2,2,517,175,10
373,3,2,540,358,16
374,5,2,271,347,19
375,1,3,148,216,16
376,1,1,198,44,10
377,1,1,227,185,19
378,3,2,619,287,25
379,2,2,274,305,4
380,1,3,622,42,19
381,1,3,273,407,16
382,3,2,573,334,19
383,2,1,344,587,7
384,2,3,64,481,13
385,1,2,38,92,9
386,4,1,553,571,15
387,3,1,619,127,3
388,2,3,787,68,20
389,3,3,754,480,16
390,4,1,439,591,5
391,2,3,237,119,8
392,3,2,668,485,21
393,4,1,516,176,18
394,4,1,555,340,4
395,5,2,550,64,10
396,5,3,182,206,1
397,1,1,274,47,10
398,1,1,126,323,9
399,4,3,554,199,15
400,3,3,604,96,16
401,4,2,694,288,22
402,1,2,669,233,8
403,1,1,702,537,21
404,4,2,275,33,3
405,3,1,150,111,23
406,3,3,278,336,12
407,2,3,264,287,17
408,1,2,704,55,12
409,2,2,224,122,15
410,2,1,369,402,10
411,4,3,359,232,4
412,3,2,387,264,19
413,2,3,124,300,17
414,2,3,669,335,11
415,1,2,508,580,3
416,3,2,697,452,19
417,5,1,628,472,4
418,3,3,86,274,23
419,1,1,612,396,22
420,3,3,69,459,7
421,4,3,318,207,25
422,2,2,205,283,15
423,1,3,650,127,20
424,3,2,296,414,23
425,4,3,478,123,8
426,4,2,586,364,17
427,5,3,651,412,8
428,2,3,467,211,15
429,5,3,506,62,13
430,3,3,669,124,14
431,2,3,160,322,5
432,4,1,536,569,22
433,4,2,423,15,14
434,3,2,542,572,2
435,4,3,360,32,12
436,1,3,659,74,3
437,3,1,83,317,16
438,2,3,704,290,3
439,4,1,660,288,18
440,2,3,623,224,7
441,3,2,321,412,12
442,3,2,395,308,16
443,3,3,568,417,3
444,1,3,444,460,12
445,2,3,484,391,24
446,3,2,568,413,8
447,3,1,54,168,23
448,2,2,610,209,15
449,4,1,277,282,22
450,3,1,706,312,22
451,2,3,580,547,23
452,4,3,427,453,2
453,4,3,214,461,14
454,4,1,204,292,20
455,2,3,616,114,14
456,3,1,293,435,9
457,5,1,102,497,6
458,5,1,217,88,9
459,5,1,105,418,18
460,1,3,726,52,24
461,2,3,586,240,3
462,5,2,232,66,24
463,4,2,323,580,24
464,5,1,367,590,2
465,4,2,81,533,21
466,2,2,681,495,10
467,5,3,695,594,18
468,5,2,778,129,15
469,3,1,412,428,10
470,5,1,59,49,3
471,4,3,674,306,22
472,4,3,265,47,2
473,4,2,308,345,5
474,5,3,109,544,18
475,2,3,606,182,17
476,1,2,750,441,10
477,2,1,45,215,23
478,5,3,613,593,2
479,1,3,313,346,13
480,2,1,690,105,25
481,1,1,723,386,15
482,5,2,115,521,22
483,3,3,762,519,17
484,1,2,456,395,10
485,5,3,69,180,3
486,3,2,672,85,11
487,2,1,434,132,9
488,4,3,694,431,18
489,1,3,377,133,22
490,5,1,180,574,15
491,3,3,472,522,20
492,1,1,19,500,20
493,4,3,211,276,25
494,5,2,448,193,2
495,3,2,18,64,7
496,3,1,499,412,5
497,5,1,498,92,9
498,4,3,773,214,13
499,2,2,489,287,25
500,3,1,323,259,21
501,5,2,745,552,16
502,4,2,431,253,2
503,1,3,398,269,24
504,5,3,788,308,18
505,4,1,297,423,8
506,2,3,522,144,22
507,4,3,116,3,14
508,5,1,221,265,18
509,3,1,498,261,8
510,3,1,325,338,15
511,4,1,756,485,18
512,5,1,492,362,10
513,4,1,518,181,12
514,3,3,309,326,17
515,4,3,176,485,19
516,4,3,234,68,4
517,5,3,516,311,10
518,4,1,614,492,10
519,3,1,220,61,1
520,1,3,242,273,5
521,3,3,37,376,7
522,5,3,569,241,4
523,4,3,162,383,12
524,4,1,20,37,6
525,3,2,392,363,3
526,1,1,588,309,22
527,1,3,449,520,5
528,3,3,47,482,23
529,5,3,141,350,16
530,3,2,609,282,23
531,3,3,339,231,1
532,5,1,375,213,2
533,5,2,101,462,13
534,4,2,322,315,17
535,4,3,101,228,24
536,5,3,25,258,7
537,2,1,179,155,14
538,2,1,200,272,1
539,1,1,605,470,12
540,2,2,107,343,6
541,3,2,657,141,3
542,3,2,765,221,1
543,4,2,558,280,25
544,4,1,486,93,25
545,3,3,432,12,24
546,3,3,685,67,2
547,2,3,296,421,3
548,4,1,462,430,17
549,5,3,705,286,19
550,5,1,543,128,19
551,5,1,740,474,15
552,5,1,237,52,7
553,4,1,350,125,20
554,1,3,661,293,18
555,5,3,709,144,15
556,5,3,370,329,15
557,1,2,497,179,7
558,2,2,449,84,9
559,2,2,690,169,23
560,2,1,163,360,24
561,2,3,509,377,13
562,4,3,610,212,8
563,5,2,138,99,2
564,4,1,585,253,10
565,5,2,410,99,21
566,2,1,427,571,6
567,2,2,377,145,21
568,5,3,134,369,16
569,2,1,522,491,10
570,1,2,367,371,19
571,1,3,15,359,6
572,2,1,138,233,3
573,5,3,336,156,17
574,3,3,136,277,16
575,3,1,619,429,13
576,5,1,35,377,24
577,3,1,104,436,17
578,2,2,101,156,15
579,4,2,451,402,16
580,2,3,551,286,17
581,2,2,485,297,19
582,3,2,681,544,5
583,5,1,314,576,2
584,2,1,176,85,9
585,4,2,201,201,10
586,1,2,370,504,13
587,3,1,401,200,1
588,2,1,524,584,9
589,2,1,48,577,14
590,3,3,253,24,4
591,1,2,75,565,10
592,3,3,375,199,11
593,4,3,116,472,5
594,4,2,115,567,2
595,1,3,11,129,8
596,4,2,686,465,4
597,3,2,337,405,25
598,4,1,576,504,23
599,4,3,620,463,9
600,2,3,344,98,4
601,1,3,434,110,21
602,2,2,635,336,5
603,2,3,299,92,24
604,3,1,717,175,15
605,2,1,579,304,21
606,1,2,94,237,10
607,1,2,624,85,10
608,3,2,599,453,3
609,1,1,614,346,8
610,4,2,62,177,2
611,2,3,373,380,6
612,1,3,549,391,18
613,3,1,126,427,24
614,3,2,456,61,23
615,2,1,687,545,8
616,4,3,752,155,25
617,5,1,252,414,20
618,3,1,210,59,6
619,1,1,451,462,10
620,3,2,358,404,1
621,1,2,64,321,6
622,5,2,311,2,11
623,4,1,407,183,4
624,1,2,546,590,19
625,1,2,267,263,6
626,2,3,313,269,9
627,1,2,327,11,2
628,4,2,79,417,2
629,5,2,180,522,9
630,4,3,45,171,16
631,3,3,753,70,14
632,4,2,392,382,8
633,3,3,677,380,23
634,5,3,666,574,24
635,2,3,508,85,11
636,4,3,176,237,8
637,1,1,74,333,4
638,1,1,112,582,3
639,1,2,628,51,11
640,2,2,9,61,10
641,3,3,423,419,12
642,3,1,535,146,2
643,1,1,111,102,25
644,3,3,548,227,8
645,1,3,374,296,11
646,5,2,607,417,22
647,5,1,520,77,11
648,5,3,430,584,5
649,1,1,101,421,15
650,4,3,123,347,14
651,5,3,752,406,7
652,1,2,446,260,1
653,5,2,131,130,19
654,2,1,227,251,24
655,4,2,729,262,21
656,5,3,381,258,17
657,1,2,406,341,10
658,5,1,622,115,14
659,2,1,666,192,8
660,3,3,538,593,10
661,2,2,264,165,20
662,1,2,219,114,11
663,4,3,588,13,24
664,4,2,229,99,23
665,5,2,359,359,7
666,5,3,168,100,9
667,1,3,533,32,2
668,3,3,612,460,21
669,4,3,19,111,3
670,1,3,311,498,2
671,5,3,736,376,3
672,5,2,72,506,11
673,1,3,273,419,23
674,5,2,232,363,15
675,4,3,492,248,9
676,1,3,441,43,5
677,1,2,665,340,12
678,1,3,764,290,9
679,1,1,341,406,22
680,3,3,762,86,6
681,3,2,140,390,4
682,1,2,94,16,11
683,3,3,727,27,11
684,3,2,624,561,20
685,5,1,546,319,8
686,1,2,515,37,25
687,5,3,741,39,22
688,4,1,730,27,25
689,5,2,152,474,12
690,1,3,214,139,19
691,1,2,624,242,23
692,5,3,150,388,5
693,5,3,108,385,17
694,1,2,411,245,2
695,4,2,613,312,19
696,2,2,189,288,16
697,2,3,329,565,25
698,4,3,411,399,8
699,4,1,473,54,5
700,4,1,456,518,23
701,5,2,160,328,3
702,2,3,262,571,1
703,1,1,706,324,14
704,4,1,147,155,10
705,2,2,483,410,5
706,1,1,783,7,20
707,2,2,146,32,24
708,4,2,373,392,8
709,2,1,30,478,3
710,2,2,212,281,22
711,1,1,364,94,19
712,3,2,361,264,17
713,5,1,500,586,19
714,1,2,555,212,13
715,5,2,706,587,6
716,1,2,166,296,25
717,2,3,561,95,25
718,4,1,328,197,12
719,4,2,372,329,19
720,4,2,428,351,1
721,5,1,121,91,18
722,4,1,713,273,13
723,2,2,599,120,4
724,1,3,588,347,24
725,5,1,398,237,9
726,4,1,301,369,7
727,2,1,715,20,15
728,3,2,623,195,17
729,4,2,40,597,25
730,1,1,214,409,25
731,4,1,566,209,23
732,4,2,33,511,5
733,4,1,315,285,22
734,1,1,56,70,14
735,4,3,478,184,15
736,3,2,758,299,3
737,1,3,184,471,8
738,5,2,216,67,25
739,1,1,371,375,3
740,5,2,728,437,13
741,5,2,288,317,5
742,5,1,204,298,6
743,5,2,306,134,7
744,4,1,459,147,25
745,4,3,471,198,8
746,5,1,504,527,19
747,3,1,415,452,20
748,3,3,456,183,22
749,2,1,197,510,12
750,3,3,143,492,17
751,1,2,218,438,17
752,5,3,320,179,25
753,3,2,250,469,23
754,3,3,663,311,18
755,3,3,229,416,2
756,4,2,705,450,19
757,5,1,467,161,15
758,4,1,180,57,7
759,2,3,542,84,15
760,4,1,155,3,21
761,5,1,724,327,11
762,2,1,77,200,10
763,5,2,573,35,21
764,1,3,621,407,15
765,1,2,8,179,11
766,3,1,165,118,1
767,5,1,282,323,3
768,3,2,34,366,22
769,1,3,429,88,8
770,5,3,82,100,20
771,5,1,786,347,15
772,5,3,43,115,4
773,1,3,538,494,20
774,5,1,657,53,22
775,3,2,618,99,24
776,2,1,508,365,14
777,3,2,685,492,9
778,3,1,82,299,6
779,2,1,493,126,5
780,3,1,394,522,20
781,3,1,78,421,1
782,1,1,773,572,17
783,5,2,412,51,24
784,4,3,386,166,16
785,2,2,792,413,14
786,4,3,574,317,17
787,4,2,789,523,22
788,3,1,516,433,8
789,1,3,184,498,14
790,1,2,541,291,25
791,5,1,218,161,17
792,2,3,88,427,22
793,2,2,503,590,8
794,2,3,201,397,21
795,4,2,356,107,10
796,2,1,60,251,7
797,5,1,486,194,12
798,3,3,258,357,16
799,5,1,353,376,24
800,5,2,427,331,6
801,2,3,712,3,16
802,5,2,233,377,19
803,3,1,225,423,4
804,2,1,653,105,25
805,4,2,54,63,5
806,4,3,4,155,13
807,5,2,471,107,5
808,2,1,9,531,12
809,4,2,362,69,18
810,2,1,322,497,25
811,3,2,241,114,3
812,3,2,181,575,3
813,1,2,56,55,10
814,2,2,770,526,5
815,2,1,353,431,24
816,3,2,161,62,18
817,3,3,504,187,10
818,5,2,772,543,3
819,5,2,542,59,17
820,2,2,7,364,24
821,3,3,648,400,1
822,5,2,764,75,12
823,2,2,706,77,18
824,1,3,104,269,22
825,3,1,45,324,6
826,2,2,394,225,3
827,1,1,569,185,24
828,5,2,666,30,11
829,5,3,736,227,20
830,3,1,646,67,12
831,5,2,66,327,8
832,1,2,261,376,22
833,4,3,41,77,2
834,5,3,2,228,14
835,5,1,149,312,24
836,3,3,499,345,20
837,1,2,254,66,9
838,2,3,224,424,14
839,1,2,247,131,1
840,5,3,135,409,16
841,3,1,283,550,1
842,3,1,752,553,2
843,4,3,200,334,21
844,4,2,38,276,1
845,5,3,134,225,4
846,2,2,661,196,13
847,3,3,285,3,8
848,4,1,413,385,5
849,5,3,71,205,23
850,1,3,639,148,9
851,5,2,786,431,5
852,1,3,497,14,20
853,5,1,462,160,3
854,2,1,374,358,14
855,3,3,658,36,2
856,5,3,386,251,8
857,3,1,564,32,14
858,2,1,631,492,14
859,5,3,795,358,21
860,3,1,604,254,24
861,2,2,738,124,6
862,1,1,322,317,10
863,2,1,785,134,3
864,3,1,745,566,16
865,4,3,179,333,19
866,4,2,230,392,11
867,1,1,218,307,23
868,1,3,38,55,23
869,1,1,764,13,17
870,5,3,762,355,11
871,1,1,432,417,6
872,5,2,558,316,17
873,2,3,760,274,8
874,2,1,27,78,6
875,2,2,677,291,4
876,3,3,9,475,17
877,5,3,346,518,2
878,3,2,500,514,17
879,3,2,363,336,4
880,3,3,579,70,13
881,3,1,707,395,4
882,1,3,736,579,5
883,1,3,545,433,9
884,4,3,46,226,1
885,3,2,676,421,2
886,3,3,734,417,2
887,4,3,433,279,11
888,4,3,19,532,23
889,5,2,773,312,20
890,5,1,519,588,22
891,3,2,636,197,1
892,3,1,271,572,1
893,1,2,392,150,23
894,3,1,541,82,9
895,1,3,545,79,23
896,5,2,39,498,1
897,2,3,36,178,7
898,5,3,691,525,4
899,5,1,448,595,24
900,1,3,162,333,15
901,3,3,522,136,4
902,4,3,751,54,7
903,4,2,620,543,12
904,3,1,59,35,25
905,3,3,430,184,14
906,2,3,289,323,12
907,4,3,579,179,16
908,4,2,740,502,24
909,3,3,772,124,4
910,3,1,761,30,1
911,3,1,562,115,19
912,4,1,185,279,11
913,5,1,597,413,10
914,3,2,215,239,3
915,1,3,579,143,4
916,3,2,561,593,13
917,1,1,160,314,7
918,3,2,610,347,12
919,3,3,398,548,10
920,3,3,444,172,16
921,5,1,176,270,22
922,2,3,542,174,5
923,1,2,792,290,17
924,1,3,610,110,14
925,3,2,319,289,6
926,1,2,771,289,10
927,1,2,396,501,17
928,4,2,685,414,9
929,2,1,232,122,3
930,5,1,766,586,3
931,5,1,542,347,12
932,2,1,159,43,3
933,4,1,695,427,5
934,1,2,144,336,5
935,5,1,407,152,22
936,2,3,727,566,2
937,3,3,222,265,5
938,2,2,548,545,4
939,1,3,551,73,6
940,5,3,677,491,10
941,1,2,73,9,20
942,5,2,144,490,9
943,3,2,243,252,10
944,4,1,741,1,21
945,2,1,322,152,21
946,3,1,42,598,12
947,5,3,789,116,20
948,2,2,93,286,6
949,1,1,366,498,10
950,5,3,455,56,9
951,2,1,770,537,13
952,3,1,96,137,2
953,5,3,312,560,13
954,2,1,678,103,14
955,5,1,681,224,24
956,2,1,588,92,13
957,1,3,529,326,24
958,4,1,114,313,16
959,3,1,314,91,1
960,1,2,282,509,25
961,5,2,773,550,15
962,4,3,657,115,6
963,4,3,4,356,21
964,1,3,516,354,19
965,1,1,425,149,2
966,5,2,108,66,1
967,4,2,552,45,3
968,5,2,622,485,17
969,4,2,163,175,21
970,2,2,390,273,25
971,1,1,424,506,16
972,1,3,321,275,12
973,1,2,40,546,12
974,5,1,491,248,9
975,5,1,450,323,14
976,1,3,396,352,2
977,5,3,281,274,10
978,4,3,369,509,12
979,3,1,345,449,1
980,1,3,636,194,18
981,3,1,684,285,1
982,3,3,57,249,10
983,1,1,773,448,5
984,4,3,267,370,10
985,5,2,447,5,21
986,1,1,482,469,8
987,2,3,430,228,3
988,5,2,631,198,14
989,3,2,693,276,18
990,5,2,688,569,21
991,4,3,701,554,9
992,4,2,478,339,21
993,5,3,71,323,8
994,4,1,558,187,9
995,1,3,701,600,15
996,2,3,393,448,6
997,3,1,301,266,6
998,3,1,318,277,7
999,2,2,564,123,10
1000,2,1,8,341,23
1001,2,1,189,545,20
1002,4,1,730,340,21
1003,1,2,338,253,5
1004,2,2,674,554,21
1005,3,1,310,58,14
1006,5,1,162,324,5
1007,5,2,571,130,13
1008,1,1,249,92,21
1009,4,1,797,133,4
1010,2,3,179,417,18
1011,3,1,5,425,15
1012,1,3,149,27,6
1013,3,3,5,332,2
1014,5,2,318,65,11
1015,5,1,219,271,4
1016,2,1,133,546,8
1017,2,2,230,510,16
1018,5,2,629,298,11
1019,2,3,672,12,5
1020,4,2,56,184,15
1021,5,3,521,335,13
1022,5,1,521,6,6
1023,3,1,284,216,20
1024,2,3,699,78,14
1025,2,2,576,515,5
1026,3,3,668,549,14
1027,4,1,695,511,7
1028,3,2,288,84,23
1029,5,3,717,425,4
1030,3,3,68,46,20
1031,3,3,152,5,20
1032,4,1,436,46,4
1033,1,2,1,392,10
1034,1,2,85,241,1
1035,5,2,360,47,20
1036,4,1,607,62,18
1037,4,1,78,497,24
1038,3,3,349,279,10
1039,1,3,582,3,15
1040,1,1,222,427,24
1041,4,1,152,431,15
1042,1,1,397,522,21
1043,4,2,406,355,19
1044,4,1,322,202,21
1045,1,3,289,439,5
1046,5,2,608,184,5
1047,3,2,8,119,5
1048,4,2,524,60,17
1049,1,2,541,246,17
1050,3,2,157,576,12
1051,3,1,79,402,21
1052,3,1,347,576,13
1053,1,2,593,597,6
1054,1,2,227,304,21
1055,5,2,108,425,19
1056,4,3,741,455,5
1057,1,2,477,4,7
1058,1,1,641,93,14
1059,5,3,265,379,15
1060,2,1,714,133,20
1061,3,2,113,501,25
1062,3,2,129,545,4
1063,3,1,494,437,16
1064,5,2,59,322,21
1065,2,2,590,333,22
1066,1,2,662,462,17
1067,2,3,737,497,17
1068,5,2,247,8,11
1069,5,1,114,207,16
1070,1,1,523,392,13
1071,2,2,505,172,15
1072,1,1,660,330,9
1073,5,2,655,412,16
1074,3,3,279,106,22
1075,4,1,255,68,11
1076,3,2,531,570,4
1077,1,1,670,431,12
1078,4,3,490,272,24
1079,2,3,265,429,16
1080,1,2,97,1,24
1081,2,1,219,98,22
1082,5,3,140,272,22
1083,5,1,80,189,2
1084,2,1,536,376,21
1085,1,2,277,258,12
1086,2,2,781,142,12
1087,4,3,322,422,16
1088,4,3,319,118,13
1089,4,3,467,262,22
1090,3,2,726,202,17
1091,5,2,742,91,5
1092,1,3,432,315,25
1093,3,3,459,450,24
1094,5,2,21,364,17
1095,1,3,787,586,6
1096,5,1,627,188,24
1097,4,1,348,342,4
1098,1,3,663,165,19
1099,5,1,111,313,3
1100,5,2,609,123,24
1101,3,3,479,164,22
1102,1,2,583,55,14
1103,1,3,534,198,23
1104,4,1,51,95,11
1105,5,1,661,177,3
1106,1,1,618,134,1
1107,1,2,438,325,19
1108,1,1,559,204,4
1109,2,2,367,249,9
1110,1,2,555,440,20
1111,5,1,435,310,9
1112,3,3,152,454,20
1113,4,2,290,524,22
1114,4,2,115,506,1
1115,3,2,555,460,5
1116,5,2,570,260,12
1117,4,1,630,514,13
1118,2,3,177,171,6
1119,4,3,754,586,11
1120,3,2,201,88,5
1121,1,2,25,167,18
1122,2,1,745,438,7
1123,3,1,633,60,20
1124,4,2,627,360,14
1125,5,3,558,316,21
1126,3,2,103,2,20
1127,1,3,674,427,11
1128,4,2,190,486,2
1129,1,3,799,95,1
1130,4,2,16,353,13
1131,5,2,684,371,13
1132,4,1,320,135,16
1133,4,1,464,303,21
1134,5,2,533,32,25
1135,2,1,643,522,8
1136,2,1,165,273,5
1137,1,2,606,369,2
1138,5,3,157,223,14
1139,5,1,597,457,5
1140,1,1,291,80,23
1141,5,1,262,433,12
1142,1,3,524,242,14
1143,2,2,473,167,2
1144,5,1,11,465,8
1145,1,1,59,392,24
1146,2,3,185,12,5
1147,5,2,287,473,20
1148,4,3,330,4,8
1149,4,2,611,76,3
1150,2,1,321,484,3
1151,3,2,101,241,6
1152,3,2,4,523,24
1153,3,3,345,306,11
1154,1,3,672,41,16
1155,5,3,20,214,13
1156,2,1,58,301,9
1157,1,2,164,143,4
1158,3,1,378,181,11
1159,5,2,6,367,2
1160,5,2,565,337,14
1161,3,3,119,96,12
1162,3,2,40,89,24
1163,3,3,28,441,16
1164,2,2,429,461,11
1165,5,3,581,564,22
1166,4,3,36,289,2
1167,2,3,130,103,20
1168,1,1,56,418,5
1169,4,2,70,5,18
1170,1,2,332,489,11
1171,3,1,353,480,8
1172,5,2,422,559,2
1173,1,2,613,339,19
1174,3,2,129,266,14
1175,4,1,797,120,3
1176,5,2,148,510,8
1177,4,2,651,425,20
1178,1,2,498,98,15
1179,4,1,69,497,17
1180,3,3,765,471,11
1181,3,2,645,34,15
1182,5,2,175,478,12
1183,4,3,337,11,17
1184,5,1,512,186,9
1185,5,2,79,114,13
1186,5,3,736,150,16
1187,1,3,456,369,25
1188,2,3,482,303,11
1189,1,2,654,381,16
1190,1,2,667,170,24
1191,3,1,633,34,14
1192,1,1,321,333,7
1193,3,2,534,59,21
1194,5,1,245,178,23
1195,4,2,624,500,15
1196,4,2,37,187,23
1197,5,3,531,511,7
1198,5,2,707,593,20
1199,4,1,612,538,19
1200,2,2,71,128,21
1201,2,2,53,16,15
1202,5,3,685,244,17
1203,1,3,628,474,25
1204,1,3,66,368,7
1205,1,3,198,421,1
1206,2,1,733,124,23
1207,5,1,217,376,23
1208,5,3,364,92,12
1209,3,3,169,586,10
1210,3,3,495,253,16
1211,2,3,52,355,16
1212,5,1,505,188,18
1213,2,3,77,437,3
1214,4,2,377,319,19
1215,2,1,167,591,5
1216,2,3,56,385,8
1217,1,1,377,126,22
1218,3,3,36,232,18
1219,5,1,66,588,4
1220,4,2,290,379,20
1221,1,1,697,462,11
1222,5,2,607,455,2
1223,1,2,705,199,19
1224,4,3,430,494,16
1225,5,3,586,378,9
1226,4,2,705,147,3
1227,2,1,563,589,17
1228,4,2,717,457,8
1229,4,2,540,280,19
1230,3,1,311,215,11
1231,1,3,575,148,6
1232,5,2,609,212,20
1233,2,3,67,347,3
1234,1,2,755,333,14
1235,1,3,330,458,5
1236,3,2,257,576,22
1237,3,1,760,114,7
1238,5,1,151,361,21
1239,1,2,282,484,20
1240,5,3,675,68,25
1241,5,2,358,355,3
1242,1,1,4,573,10
1243,4,3,557,566,22
1244,3,3,210,64,2
1245,4,1,40,408,13
1246,3,1,187,433,7
1247,4,2,221,109,19
1248,1,3,658,409,16
1249,2,1,68,27,22
1250,2,3,748,88,22
1251,3,1,255,142,11
1252,5,2,68,195,16
1253,3,3,532,238,4
1254,3,2,670,474,15
1255,5,3,210,74,3
1256,3,2,25,161,10
1257,1,2,455,157,21
1258,2,1,140,185,5
1259,2,1,401,367,7
1260,2,3,361,356,8
1261,3,3,671,355,5
1262,4,1,752,506,20
1263,3,1,726,493,9
1264,3,2,149,146,25
1265,2,1,98,106,25
1266,5,3,798,489,19
1267,3,2,706,73,14
1268,4,2,116,99,10
1269,1,1,500,505,9
1270,5,1,357,20,13
1271,3,3,38,270,13
1272,3,2,219,440,5
1273,1,1,536,211,20
1274,2,3,311,160,5
1275,2,3,172,283,5
1276,4,3,546,416,22
1277,2,1,247,512,11
1278,1,3,201,369,19
1279,1,2,371,298,9
1280,4,3,124,532,24
1281,2,2,706,138,23
1282,4,2,585,548,4
1283,1,2,162,321,24
1284,4,3,662,356,7
1285,2,3,425,178,2
1286,4,1,490,46,12
1287,4,1,111,344,14
1288,3,2,487,314,17
1289,5,2,47,594,21
1290,4,1,366,455,25
1291,1,3,301,117,15
1292,1,1,595,106,4
1293,4,2,275,154,21
1294,3,2,568,469,21
1295,5,2,272,150,8
1296,2,3,288,52,12
1297,4,2,604,392,18
1298,2,2,789,193,25
1299,2,1,441,372,10
1300,1,2,496,554,18
1301,3,3,190,589,7
1302,3,2,45,384,3
1303,4,3,501,215,17
1304,3,1,444,345,5
1305,2,2,345,42,12
1306,1,2,391,83,13
1307,2,3,14,230,11
1308,1,1,29,59,22
1309,4,3,364,250,17
1310,4,1,175,479,19
1311,3,1,135,95,16
1312,2,3,166,459,19
1313,3,3,36,342,22
1314,5,3,221,478,7
1315,1,1,494,267,16
1316,2,1,96,388,11
1317,5,2,790,345,22
1318,1,1,51,226,1
1319,2,3,244,243,25
1320,1,3,678,497,17
1321,3,2,234,28,16
1322,3,3,535,46,10
1323,1,2,406,414,2
1324,5,2,255,498,21
1325,3,2,598,24,16
1326,5,3,13,550,15
1327,4,3,365,110,8
1328,5,3,264,405,19
1329,5,3,516,559,12
1330,2,1,519,441,21
1331,4,3,629,308,18
1332,3,3,183,199,13
1333,4,1,368,578,3
1334,4,1,356,132,24
1335,2,3,479,354,3
1336,3,1,631,468,2
1337,4,3,262,487,20
1338,1,2,422,81,20
1339,4,2,68,186,1
1340,1,3,613,466,9
1341,5,2,200,122,10
1342,3,3,115,247,16
1343,1,1,87,587,22
1344,4,2,238,253,13
1345,4,3,174,83,8
1346,1,1,66,259,2
1347,2,2,144,432,1
1348,4,1,585,68,21
1349,1,3,619,190,2
1350,3,3,300,85,14
1351,5,3,61,431,21
1352,5,2,245,456,16
1353,3,2,109,197,5
1354,2,1,298,400,23
1355,5,3,529,107,24
1356,3,2,407,214,25
1357,4,2,201,279,23
1358,5,2,709,143,24
1359,3,2,675,303,16
1360,4,1,501,565,20
1361,5,3,20,95,13
1362,3,3,101,225,20
1363,4,3,306,466,12
1364,4,3,218,120,3
1365,1,2,611,547,8
1366,1,3,718,79,7
1367,3,1,501,354,11
1368,2,3,495,398,20
1369,1,2,668,340,23
1370,1,3,468,290,6
1371,1,1,655,218,23
1372,5,1,107,295,16
1373,1,2,535,133,24
1374,3,1,481,272,25
1375,5,3,645,411,23
1376,1,3,150,411,19
1377,4,2,597,137,4
1378,4,2,391,546,5
1379,3,1,74,321,14
1380,3,3,740,431,24
1381,4,1,75,563,21
1382,4,3,492,16,17
1383,2,2,54,300,23
1384,1,1,734,122,17
1385,3,2,669,600,12
1386,5,1,275,212,7
1387,5,2,537,22,25
1388,5,3,410,69,15
1389,5,3,271,523,7
1390,2,3,584,122,3
1391,4,3,40,173,2
1392,4,1,669,319,4
1393,5,1,436,313,12
1394,1,3,21,172,6
1395,4,1,282,216,2
1396,4,3,573,251,6
1397,2,1,517,377,2
1398,1,2,64,215,9
1399,3,3,212,219,20
1400,5,3,278,271,19
1401,5,1,693,474,24
1402,5,1,183,365,1
1403,1,1,574,464,12
1404,2,1,8,213,12
1405,1,3,492,571,19
1406,4,2,369,61,18
1407,2,2,735,404,21
1408,1,1,83,309,6
1409,5,2,579,335,9
1410,3,1,199,242,5
1411,4,3,250,471,22
1412,1,3,431,227,22
1413,4,1,232,114,4
1414,1,3,722,420,14
1415,3,1,733,240,9
1416,1,2,404,253,21
1417,2,2,477,593,2
1418,4,2,259,153,15
1419,5,3,723,594,22
1420,3,1,599,482,22
1421,2,1,743,546,19
1422,3,2,613,512,17
1423,2,3,501,229,8
1424,1,3,169,27,22
1425,4,2,282,319,7
1426,4,3,93,366,18
1427,5,1,408,507,23
1428,2,1,699,245,23
1429,4,3,137,474,17
1430,3,2,427,64,8
1431,2,2,429,322,25
1432,5,3,160,216,4
1433,2,2,452,405,17
1434,5,3,65,237,16
1435,1,3,767,17,9
1436,4,2,284,431,21
1437,4,3,722,348,14
1438,5,3,152,150,10
1439,5,2,178,565,7
1440,2,1,564,588,20
1441,4,3,666,405,7
1442,1,1,646,544,16
1443,2,2,669,566,22
1444,2,3,189,278,18
1445,3,2,501,367,21
1446,4,3,767,576,19
1447,4,2,281,429,18
1448,3,1,8,507,7
1449,2,2,674,114,23
1450,1,1,626,120,8
1451,5,1,16,302,15
1452,3,3,516,429,2
1453,3,3,298,438,20
1454,4,2,387,105,17
1455,2,3,606,24,16
1456,1,2,673,267,25
1457,3,1,688,485,8
1458,3,2,315,271,23
1459,4,1,609,408,15
1460,1,1,194,160,4
1461,5,2,137,558,12
1462,3,3,2,231,2
1463,4,2,572,210,16
1464,5,3,474,527,16
1465,4,2,120,276,23
1466,2,1,74,381,19
1467,5,1,139,27,3
1468,1,2,660,101,14
1469,1,1,599,300,7
1470,2,2,683,125,10
1471,1,1,753,128,11
1472,4,3,225,254,4
1473,5,2,586,197,1
1474,4,2,295,21,21
1475,1,1,213,39,11
1476,2,2,109,52,15
1477,3,1,60,181,22
1478,5,2,385,495,22
1479,2,2,730,34,10
1480,5,1,688,565,8
1481,3,2,510,73,24
1482,5,2,629,567,25
1483,1,2,90,257,7
1484,2,3,599,447,24
1485,1,1,229,44,12
1486,5,2,583,434,13
1487,4,2,459,500,1
1488,5,2,407,285,4
1489,2,1,34,570,2
1490,1,1,704,360,16
1491,4,1,194,553,24
1492,4,2,792,175,3
1493,2,1,482,57,8
1494,2,3,110,518,13
1495,3,2,377,346,24
1496,1,2,799,518,24
1497,4,3,282,374,13
1498,4,2,767,116,1
1499,1,2,169,475,8
1500,2,3,671,237,7
1501,3,1,448,520,10
1502,5,1,217,154,7
1503,1,3,747,501,4
1504,3,2,542,241,10
1505,2,3,773,499,10
1506,1,3,509,395,6
1507,4,3,771,162,5
1508,1,3,595,523,15
1509,1,1,426,140,24
1510,2,3,634,577,22
1511,1,1,252,530,5
1512,5,3,524,536,11
1513,5,2,275,259,12
1514,5,1,767,563,12
1515,4,1,351,413,23
1516,3,1,484,4,13
1517,3,3,542,174,18
1518,5,1,312,255,7
1519,2,2,698,595,9
1520,4,2,449,309,10
1521,1,2,126,571,4
1522,5,3,272,72,14
1523,2,3,595,392,7
1524,1,3,485,324,2
1525,2,1,674,534,2
1526,2,2,387,350,22
1527,5,2,586,548,5
1528,5,1,309,282,15
1529,3,2,247,207,20
1530,2,1,659,486,21
1531,3,3,87,550,13
1532,4,2,116,54,10
1533,3,1,378,79,25
1534,3,3,332,290,11
1535,4,3,441,107,8
1536,1,3,382,65,8
1537,2,2,160,205,19
1538,4,1,425,452,1
1539,2,3,325,12,15
1540,1,3,538,35,10
1541,5,2,584,199,25
1542,4,1,747,593,4
1543,4,3,703,451,10
1544,2,1,18,526,16
1545,2,3,789,309,25
1546,2,1,249,498,12
1547,3,2,204,564,1
1548,4,1,60,110,5
1549,5,1,696,375,6
1550,2,2,149,546,12
1551,1,3,689,478,21
1552,4,2,336,367,22
1553,1,2,529,175,23
1554,3,3,417,561,4
1555,1,3,31,492,18
1556,1,2,634,129,23
1557,5,2,342,259,10
1558,5,1,797,406,5
1559,1,2,204,39,22
1560,5,1,281,80,24
1561,2,2,577,558,20
1562,2,2,65,21,25
1563,1,1,122,450,5
1564,4,3,479,3,24
1565,2,3,302,203,2
1566,4,3,149,45,13
1567,5,3,98,93,24
1568,1,3,29,65,13
1569,3,2,13,213,17
1570,3,3,132,481,12
1571,1,3,230,575,21
1572,2,1,265,318,16
1573,4,2,407,92,2
1574,3,3,100,222,8
1575,4,3,608,434,4
1576,3,2,232,247,5
1577,2,3,270,83,22
1578,3,2,467,188,19
1579,5,1,142,40,11
1580,5,1,33,68,12
1581,4,1,576,556,10
1582,5,2,777,312,19
1583,1,2,380,65,25
1584,3,3,89,98,15
1585,5,2,745,311,2
1586,5,1,66,510,8
1587,1,3,243,289,17
1588,2,3,335,549,1
1589,2,2,155,555,16
1590,2,2,277,499,1
1591,3,2,140,34,14
1592,1,2,776,240,21
1593,3,2,109,57,11
1594,1,1,625,464,19
1595,3,3,111,323,8
1596,4,1,709,333,5
1597,3,1,352,334,23
1598,5,2,27,116,25
1599,4,1,150,461,9
1600,2,3,648,428,15
1601,5,3,716,276,15
1602,3,1,635,434,16
1603,3,3,544,557,2
1604,5,3,70,458,2
1605,4,3,60,215,22
1606,4,3,124,193,23
1607,4,2,219,22,13
1608,2,1,452,127,11
1609,4,2,76,492,25
1610,1,3,58,544,7
1611,2,3,640,535,25
1612,4,3,327,500,19
1613,3,2,695,166,14
1614,2,1,411,487,7
1615,5,2,271,133,13
1616,1,2,194,505,14
1617,5,2,267,372,1
1618,3,3,770,365,6
1619,4,2,734,216,17
1620,2,1,18,381,1
1621,4,2,498,313,15
1622,1,3,289,201,1
1623,3,1,224,310,13
1624,5,1,63,314,11
1625,3,2,735,393,19
1626,1,2,405,310,22
1627,2,1,11,254,11
1628,5,3,166,553,20
1629,3,1,445,260,7
1630,2,3,66,508,8
1631,5,3,695,93,7
1632,2,3,110,593,2
1633,2,2,718,568,18
1634,4,3,101,317,24
1635,2,1,20,492,19
1636,2,3,443,297,25
1637,1,3,696,51,18
1638,1,2,223,496,3
1639,4,2,320,454,16
1640,1,2,431,45,5
1641,5,2,588,213,2
1642,3,1,598,450,3
1643,1,1,472,476,6
1644,3,2,331,529,3
1645,2,2,667,409,23
1646,4,2,493,1,3
1647,4,1,393,135,17
1648,3,2,460,257,14
1649,3,2,524,144,16
1650,2,3,318,165,16
1651,3,2,502,434,14
1652,5,2,765,151,19
1653,3,1,178,323,12
1654,3,2,507,324,11
1655,3,1,629,170,9
1656,3,3,347,209,12
1657,5,3,482,154,7
1658,4,1,205,333,25
1659,5,3,381,421,19
1660,1,2,157,131,12
1661,4,1,760,317,15
1662,4,2,516,49,6
1663,1,1,739,514,9
1664,1,1,755,304,11
1665,1,1,634,450,22
1666,5,3,521,346,18
1667,2,2,354,581,18
1668,2,2,87,415,7
1669,5,2,726,306,18
1670,3,3,785,17,24
1671,5,2,552,77,14
1672,2,1,48,427,5
1673,1,1,326,46,15
1674,5,1,125,125,5
1675,5,3,704,70,17
1676,3,1,446,196,4
1677,1,2,484,252,4
1678,3,2,476,82,15
1679,3,3,77,152,23
1680,1,3,87,254,17
1681,3,1,286,171,14
1682,1,1,88,301,7
1683,4,3,276,512,5
1684,5,1,617,24,23
1685,3,3,119,397,10
1686,3,1,8,247,21
1687,4,2,518,537,3
1688,2,3,153,261,5
1689,3,3,730,375,20
1690,3,2,688,50,9
1691,4,3,607,412,20
1692,1,3,716,93,2
1693,1,1,735,376,5
1694,5,2,49,315,15
1695,2,3,712,484,16
1696,3,1,780,514,19
1697,4,3,796,412,15
1698,2,1,713,465,6
1699,1,3,508,460,9
1700,4,2,321,550,22
1701,5,2,392,220,4
1702,2,1,298,258,25
1703,1,1,216,272,4
1704,2,1,461,443,5
1705,4,2,619,64,16
1706,4,1,320,447,5
1707,1,1,153,111,23
1708,1,3,39,595,17
1709,2,1,357,313,21
1710,4,1,56,578,6
1711,4,2,96,444,3
1712,1,3,418,162,19
1713,2,2,459,33,25
1714,4,1,466,48,7
1715,2,2,749,322,25
1716,5,3,536,458,22
1717,5,3,251,546,1
1718,2,2,666,569,22
1719,2,3,576,142,13
1720,1,3,348,534,3
1721,5,2,565,359,3
1722,3,2,392,437,12
1723,4,2,59,146,21
1724,1,3,370,266,20
1725,3,2,180,474,20
1726,1,3,43,303,12
1727,4,2,689,300,7
1728,3,2,645,585,15
1729,5,1,96,518,8
1730,4,2,487,469,7
1731,4,3,675,525,9
1732,2,3,641,264,17
1733,5,2,591,378,11
1734,3,2,289,599,15
1735,5,1,312,356,22
1736,4,1,373,244,9
1737,5,2,82,506,22
1738,5,3,780,590,15
1739,3,3,21,463,23
1740,3,1,250,104,22
1741,2,1,20,411,25
1742,2,1,437,438,25
1743,2,2,395,478,16
1744,2,2,651,63,5
1745,4,2,698,236,17
1746,2,3,642,248,24
1747,4,1,312,126,20
1748,2,1,82,52,11
1749,2,3,30,104,1
1750,4,3,175,493,20
1751,1,1,33,280,2
1752,1,1,647,52,17
1753,2,2,660,520,8
1754,2,3,590,317,23
1755,2,3,351,413,14
1756,1,2,152,100,12
1757,2,3,533,312,12
1758,4,3,702,190,1
1759,1,1,118,257,18
1760,1,2,264,164,4
1761,4,3,430,476,23
1762,1,2,692,28,13
1763,1,2,534,280,19
1764,2,3,343,478,11
1765,4,3,391,54,7
1766,4,3,597,323,13
1767,4,2,365,474,6
1768,3,2,532,233,8
1769,5,1,564,397,17
1770,4,3,401,417,15
1771,4,1,99,160,18
1772,1,2,282,498,9
1773,3,3,6,320,17
1774,1,1,63,291,11
1775,4,1,587,593,2
1776,3,2,468,263,23
1777,4,2,412,304,3
1778,3,1,81,180,13
1779,4,2,18,114,18
1780,3,1,335,187,13
1781,1,3,24,597,21
1782,2,2,320,5,16
1783,2,3,34,249,9
1784,3,1,747,150,22
1785,5,2,779,348,21
1786,3,2,768,160,21
1787,3,3,337,489,2
1788,5,1,38,87,24
1789,2,3,291,448,11
1790,3,2,468,16,20
1791,4,1,69,338,19
1792,5,2,167,488,1
1793,4,2,96,459,1
1794,1,3,596,67,7
1795,1,3,438,505,25
1796,5,3,754,116,11
1797,5,2,452,472,1
1798,4,3,730,7,5
1799,1,1,494,359,10
1800,2,1,413,105,5
1801,1,2,463,172,22
1802,4,1,732,61,19
1803,1,1,48,380,7
1804,3,1,698,55,18
1805,3,1,404,591,7
1806,5,1,109,24,22
1807,4,2,647,408,14
1808,1,3,432,592,25
1809,4,1,414,273,6
1810,5,2,248,354,3
1811,2,1,166,300,9
1812,2,2,212,39,18
1813,1,2,568,429,24
1814,2,2,234,21,2
1815,3,1,541,592,3
1816,1,3,440,233,1
1817,3,2,702,7,20
1818,1,3,48,281,20
1819,1,2,694,271,24
1820,5,3,468,280,3
1821,5,2,501,377,3
1822,3,3,210,278,11
1823,3,1,97,432,18
1824,1,2,658,50,11
1825,5,2,652,519,22
1826,5,3,690,525,17
1827,3,1,560,33,15
1828,5,2,159,105,17
1829,2,3,585,437,3
1830,2,2,542,577,9
1831,4,2,121,403,13
1832,5,2,284,339,7
1833,1,1,562,314,14
1834,1,2,311,283,19
1835,4,3,661,162,1
1836,1,1,684,590,1
1837,1,1,624,467,22
1838,4,1,632,140,13
1839,3,1,357,275,15
1840,5,1,261,84,9
1841,5,3,58,331,15
1842,2,1,701,48,3
1843,3,1,627,544,10
1844,2,3,792,449,18
1845,3,2,247,336,15
1846,5,2,668,486,24
1847,5,2,484,447,1
1848,2,3,91,110,2
1849,5,3,609,50,16
1850,3,3,657,405,16
1851,1,3,37,411,25
1852,1,2,115,282,25
1853,4,2,167,520,4
1854,2,3,255,367,21
1855,4,2,267,190,6
1856,3,1,74,154,7
1857,3,2,558,329,25
1858,5,1,82,152,13
1859,3,3,111,535,6
1860,1,2,175,57,6
1861,3,1,435,293,2
1862,4,1,758,196,25
1863,5,3,197,371,6
1864,3,1,187,110,18
1865,2,3,726,340,23
1866,3,1,313,550,3
1867,3,3,491,240,17
1868,3,3,219,27,8
1869,1,2,517,469,15
1870,3,2,724,3,2
1871,4,3,223,193,12
1872,2,3,418,340,2
1873,4,2,656,139,25
1874,5,3,747,57,12
1875,5,3,57,185,8
1876,3,3,771,389,20
1877,1,2,662,8,18
1878,2,2,490,22,4
1879,5,3,11,591,16
1880,4,2,70,267,6
1881,1,1,603,81,15
1882,2,3,338,102,6
1883,1,2,424,249,7
1884,1,3,428,122,18
1885,5,3,388,424,7
1886,5,3,79,124,14
1887,2,1,791,139,3
1888,1,2,353,344,17
1889,2,2,693,304,25
1890,3,1,419,488,23
1891,5,3,548,256,11
1892,2,1,22,579,23
1893,3,1,700,204,18
1894,3,3,296,186,18
1895,2,2,697,180,13
1896,5,2,638,218,20
1897,5,2,242,317,9
1898,2,3,563,318,20
1899,1,2,427,38,5
1900,2,1,493,158,13
1901,4,1,42,379,17
1902,2,3,777,339,1
1903,3,2,792,382,4
1904,4,3,611,32,1
1905,4,2,180,36,16
1906,4,3,587,534,22
1907,4,1,377,352,7
1908,3,2,407,545,10
1909,3,3,464,501,17
1910,3,1,680,184,24
1911,3,3,51,437,23
1912,2,3,738,388,22
1913,3,1,754,193,8
1914,2,1,543,63,22
1915,3,1,470,189,23
1916,3,1,368,190,6
1917,2,1,289,51,17
1918,3,3,554,481,19
1919,4,1,26,199,18
1920,2,3,784,411,25
1921,3,1,485,520,4
1922,1,3,73,229,12
1923,2,2,260,378,14
1924,3,2,83,273,19
1925,3,1,436,304,10
1926,5,2,140,197,17
1927,4,1,667,570,1
1928,4,1,772,541,3
1929,5,3,366,253,12
1930,4,2,627,386,18
1931,3,1,713,335,16
1932,2,3,420,419,24
1933,1,3,64,150,7
1934,5,1,489,73,22
1935,4,2,688,85,8
1936,4,1,114,431,18
1937,5,1,522,120,10
1938,5,2,397,239,21
1939,1,3,337,225,9
1940,5,1,281,261,9
1941,4,3,677,324,14
1942,3,3,6,322,21
1943,5,3,618,153,17
1944,5,1,569,122,14
1945,1,3,122,431,3
1946,3,2,207,455,20
1947,4,1,337,516,24
1948,1,3,637,491,9
1949,5,2,149,232,24
1950,3,1,626,18,8
1951,4,3,48,367,2
1952,1,2,329,373,2
1953,2,1,213,445,8
1954,5,1,61,156,23
1955,1,3,790,541,21
1956,1,3,66,243,18
1957,3,2,782,69,4
1958,2,1,247,375,19
1959,4,3,120,433,4
1960,2,2,275,455,8
1961,4,3,539,143,17
1962,1,3,32,138,13
1963,5,1,603,213,7
1964,4,3,376,377,15
1965,1,2,160,254,10
1966,5,2,701,314,1
1967,3,3,123,269,23
1968,1,1,336,418,19
1969,4,3,481,506,11
1970,1,3,673,317,20
1971,2,1,703,511,17
1972,2,1,371,128,5
1973,4,3,299,21,23
1974,5,1,420,381,5
1975,4,1,349,7,14
1976,1,2,782,374,3
1977,5,1,584,23,21
1978,5,2,672,446,4
1979,2,2,750,226,6
1980,4,3,194,68,5
1981,1,3,402,588,13
1982,4,1,170,239,16
1983,5,1,2,187,3
1984,1,2,252,347,2
1985,4,2,359,494,10
1986,3,1,18,65,13
1987,5,1,93,11,5
1988,1,1,780,26,3
1989,5,2,324,113,6
1990,1,1,572,356,7
1991,3,3,423,96,19
1992,5,1,602,573,11
1993,4,2,7,599,7
1994,2,1,786,46,2
1995,2,3,340,314,7
1996,4,1,28,444,19
1997,2,2,682,511,24
1998,2,1,269,28,19
1999,3,1,54,248,13
2000,3,3,113,136,4
2001,1,3,314,408,15
2002,1,1,9,292,18
2003,1,2,779,514,2
2004,3,3,318,134,12
2005,2,2,161,186,1
2006,2,2,443,379,16
2007,1,3,57,267,6
2008,1,1,330,446,7
2009,4,3,6,421,8
2010,4,3,135,96,2
2011,5,1,130,94,18
2012,3,2,380,431,20
2013,5,3,267,502,1
2014,3,3,176,570,6
2015,5,2,421,118,23
2016,1,2,180,598,9
2017,5,1,439,42,2
2018,3,3,426,260,7
2019,2,2,376,85,13
2020,1,1,598,555,1
2021,4,3,372,216,15
2022,3,2,582,509,10
2023,2,3,172,358,14
2024,4,1,429,336,11
2025,3,3,7,13,1
2026,3,1,411,75,14
2027,4,3,368,378,11
2028,1,2,194,244,23
2029,1,2,199,531,15
2030,3,2,153,586,15
2031,5,1,743,115,25
2032,3,2,740,277,25
2033,2,2,161,82,19
2034,3,2,154,82,7
2035,4,1,281,217,5
2036,2,2,721,317,11
2037,3,1,250,593,17
2038,1,2,300,34,23
2039,5,3,762,527,24
2040,3,1,550,260,18
2041,4,3,340,472,3
2042,3,1,106,427,23
2043,5,2,121,165,25
2044,4,2,447,116,8
2045,1,3,95,500,1
2046,4,1,312,503,11
2047,3,3,606,200,1
2048,2,3,559,339,24
2049,5,1,56,381,12
2050,3,3,485,89,5
2051,2,3,255,103,12
2052,5,2,312,560,6
2053,4,3,708,63,16
2054,4,1,550,482,15
2055,4,3,71,52,2
2056,1,3,701,360,15
2057,5,1,683,486,11
2058,5,3,299,204,4
2059,2,1,752,253,18
2060,4,3,49,331,2
2061,5,1,441,438,1
2062,2,2,119,286,9
2063,1,1,337,269,6
2064,3,3,728,417,24
2065,4,1,190,96,14
2066,4,2,465,268,13
2067,1,1,526,528,16
2068,1,2,417,465,16
2069,1,3,440,68,20
2070,5,1,340,250,24
2071,1,2,608,435,18
2072,3,2,700,264,19
2073,4,3,487,203,14
2074,3,2,21,435,9
2075,4,2,388,526,22
2076,3,1,464,127,19
2077,5,3,698,188,6
2078,3,2,733,506,21
2079,4,3,736,241,3
2080,2,1,332,72,7
2081,3,3,464,591,23
2082,5,2,173,253,18
2083,3,3,430,444,4
2084,5,3,329,214,20
2085,5,3,720,433,4
2086,3,1,590,596,22
2087,2,1,29,374,4
2088,5,2,439,587,14
2089,2,3,195,562,10
2090,1,3,246,495,25
2091,3,2,26,228,12
2092,1,2,739,558,8
2093,4,1,460,303,10
2094,4,2,3,454,9
2095,5,3,209,214,5
2096,2,1,681,100,6
2097,5,3,144,556,25
2098,1,2,203,540,12
2099,2,1,705,539,1
2100,5,2,218,560,19
2101,5,1,781,254,18
2102,4,3,578,56,4
2103,5,3,209,271,4
2104,2,2,367,397,18
2105,3,1,797,136,13
2106,2,2,10,143,12
2107,3,2,725,468,20
2108,5,1,149,239,7
2109,1,2,748,472,16
2110,5,2,794,190,1
2111,2,2,454,595,4
2112,1,3,95,93,9
2113,4,3,734,368,22
2114,1,1,781,91,6
2115,3,1,344,383,13
2116,2,2,783,266,6
2117,3,1,346,290,23
2118,4,1,631,156,15
2119,4,3,634,502,19
2120,4,3,162,423,21
2121,3,2,475,559,9
2122,4,3,788,270,24
2123,1,1,239,181,11
2124,5,1,420,134,7
2125,1,2,258,543,21
2126,5,1,207,568,4
2127,3,2,29,328,5
2128,3,2,603,593,5
2129,5,1,640,567,4
2130,4,3,689,324,23
2131,5,1,700,171,17
2132,1,3,125,444,14
2133,5,1,97,212,17
2134,4,3,441,250,19
2135,5,3,245,307,10
2136,5,3,281,191,8
2137,5,3,490,384,23
2138,3,3,568,92,24
2139,2,1,677,272,1
2140,1,3,627,102,11
2141,1,3,24,215,10
2142,2,1,555,561,21
2143,3,2,760,223,20
2144,4,3,400,427,13
2145,3,3,324,32,5
2146,5,1,601,319,9
2147,4,1,531,271,18
2148,5,2,187,284,4
2149,4,2,263,498,24
2150,5,3,94,20,3
2151,3,2,608,32,23
2152,3,2,479,89,14
2153,4,3,95,450,17
2154,2,2,274,3,4
2155,1,3,692,374,6
2156,3,1,280,458,4
2157,4,3,281,178,16
2158,3,3,466,399,25
2159,2,3,355,20,20
2160,1,3,754,25,21
2161,1,2,273,50,23
2162,1,1,291,58,6
2163,1,1,362,395,5
2164,1,3,311,91,9
2165,4,1,325,580,2
2166,2,3,246,460,7
2167,1,1,525,44,25
2168,5,3,764,301,24
2169,2,2,18,248,4
2170,2,2,723,203,7
2171,3,3,655,241,18
2172,2,1,576,358,16
2173,5,2,786,503,1
2174,5,1,712,335,9
2175,5,1,352,19,2
2176,2,1,137,252,1
2177,1,2,591,297,3
2178,2,1,58,16,9
2179,1,1,597,421,2
2180,2,2,503,304,22
2181,2,3,577,388,5
2182,1,2,10,251,9
2183,3,3,228,44,14
2184,1,3,22,276,11
2185,5,2,118,475,15
2186,3,3,50,410,9
2187,1,2,484,557,19
2188,4,2,332,205,2
2189,1,2,580,558,8
2190,2,1,762,230,24
2191,4,2,682,427,9
2192,5,2,758,415,2
2193,3,1,181,503,17
2194,4,1,85,301,21
2195,1,1,540,355,17
2196,1,1,759,162,3
2197,5,3,720,181,24
2198,1,2,376,467,21
2199,4,2,19,223,9
2200,1,1,89,509,15
2201,1,1,126,144,15
2202,4,3,11,369,15
2203,2,3,667,138,5
2204,1,2,517,496,9
2205,1,3,181,535,18
2206,2,1,535,498,9
2207,1,3,422,11,24
2208,5,3,281,356,11
2209,1,2,706,445,10
2210,4,2,465,152,21
2211,3,2,491,413,2
2212,4,1,664,354,1
2213,4,1,496,107,15
2214,1,2,455,535,20
2215,2,1,624,268,7
2216,3,2,325,444,1
2217,1,2,410,316,18
2218,2,1,530,442,13
2219,3,3,88,567,18
2220,3,3,661,244,24
2221,3,1,714,221,12
2222,2,3,337,507,20
2223,4,3,618,211,17
2224,5,3,327,92,6
2225,2,1,174,572,14
2226,3,3,146,139,25
2227,2,3,52,17,5
2228,4,3,658,439,21
2229,3,3,146,128,17
2230,1,2,455,547,7
2231,3,1,736,501,4
2232,2,1,597,142,16
2233,4,2,286,324,19
2234,3,1,738,526,15
2235,2,1,147,332,14
2236,2,2,424,256,22
2237,4,2,138,468,1
2238,3,3,496,453,8
2239,3,1,555,116,5
2240,5,2,573,337,7
2241,1,2,702,54,9
2242,2,3,619,8,5
2243,4,1,431,216,10
2244,2,2,724,253,20
2245,3,3,184,398,7
2246,3,1,452,134,7
2247,2,2,370,303,17
2248,2,1,511,159,3
2249,5,1,177,263,16
2250,4,3,274,290,25
2251,1,2,566,306,15
2252,4,2,797,112,2
2253,1,2,729,37,17
2254,2,3,605,452,20
2255,4,3,624,570,19
2256,1,2,298,95,8
2257,3,1,410,563,6
2258,3,2,119,164,22
2259,3,3,663,3,15
2260,4,1,617,71,17
2261,3,3,578,232,2
2262,1,3,227,224,19
2263,2,3,330,63,2
2264,4,2,484,98,8
2265,4,3,761,169,15
2266,2,3,442,440,15
2267,3,2,122,417,10
2268,3,1,353,366,16
2269,5,3,564,301,20
2270,4,2,432,419,17
2271,1,2,119,344,5
2272,3,2,640,534,2
2273,5,2,239,529,23
2274,4,1,53,278,16
2275,4,1,736,146,25
2276,2,2,9,447,18
2277,4,3,795,146,4
2278,2,1,49,569,14
2279,2,1,265,507,7
2280,3,2,684,232,3
2281,1,3,40,330,22
2282,1,2,122,26,9
2283,1,2,645,495,11
2284,3,1,378,463,17
2285,2,3,35,545,11
2286,4,1,527,185,16
2287,4,1,65,257,12
2288,4,3,160,196,1
2289,3,1,601,119,6
2290,3,2,211,343,11
2291,2,3,437,357,24
2292,4,3,536,312,15
2293,2,1,377,293,14
2294,3,3,370,335,13
2295,3,1,610,20,2
2296,3,3,174,491,12
2297,5,3,640,195,13
2298,4,2,85,52,16
2299,5,1,304,372,9
2300,2,2,514,286,13
2301,3,2,638,181,15
2302,4,3,497,246,18
2303,4,3,94,349,16
2304,1,1,588,577,2
2305,1,1,584,372,12
2306,1,2,24,231,2
2307,5,1,617,272,13
2308,5,2,759,524,22
2309,2,1,641,92,24
2310,1,2,27,218,10
2311,4,2,357,460,1
2312,4,2,513,421,19
2313,1,1,182,323,14
2314,2,2,324,529,22
2315,4,2,703,351,6
2316,4,2,597,39,5
2317,3,3,167,343,2
2318,2,3,203,113,14
2319,4,3,768,298,14
2320,1,1,395,313,1
2321,1,1,96,473,19
2322,3,2,250,575,24
2323,1,3,194,242,8
2324,3,3,681,187,3
2325,5,2,154,398,10
2326,1,1,255,592,24
2327,1,2,590,457,16
2328,1,2,63,76,22
2329,5,3,375,219,1
2330,5,2,391,485,7
2331,3,1,556,94,24
2332,2,3,345,19,18
2333,4,3,365,569,10
2334,5,3,644,481,16
2335,1,1,406,153,2
2336,2,3,340,317,21
2337,3,1,503,484,13
2338,3,2,400,38,5
2339,1,3,24,411,13
2340,1,3,671,189,8
2341,1,2,258,81,6
2342,1,3,426,392,15
2343,2,2,670,424,19
2344,2,3,161,190,22
2345,2,1,94,506,3
2346,4,1,522,37,19
2347,4,3,131,135,4
2348,3,3,246,125,18
2349,2,1,195,311,23
2350,5,3,682,143,17
2351,1,3,193,131,13
2352,2,1,643,320,24
2353,3,2,637,349,23
2354,2,3,253,548,15
2355,5,1,559,365,2
2356,3,1,51,219,23
2357,4,1,141,48,24
2358,2,2,142,329,2
2359,5,2,139,180,9
2360,1,1,516,256,1
2361,4,1,586,272,14
2362,3,1,257,260,12
2363,5,2,536,50,24
2364,1,3,111,163,4
2365,2,1,370,387,1
2366,4,3,471,338,4
2367,4,3,719,425,23
2368,3,2,243,147,2
2369,4,2,638,36,15
2370,5,1,328,572,16
2371,4,3,536,443,17
2372,5,3,419,303,14
2373,2,2,220,370,23
2374,5,1,335,328,25
2375,4,2,355,435,17
2376,1,1,431,600,2
2377,3,3,617,235,11
2378,2,3,349,448,18
2379,2,3,490,66,5
2380,4,2,16,294,2
2381,3,3,620,96,2
2382,1,1,31,426,10
2383,3,2,330,243,24
2384,1,2,573,428,13
2385,1,3,306,378,3
2386,5,3,377,294,23
2387,2,2,350,106,17
2388,4,3,638,418,9
2389,2,3,463,203,21
2390,5,2,740,45,6
2391,3,1,664,512,19
2392,4,3,536,584,16
2393,1,3,720,335,3
2394,2,3,99,187,7
2395,3,1,181,2,13
2396,2,3,554,136,25
2397,4,2,104,70,2
2398,4,1,457,572,3
2399,3,2,612,140,22
2400,4,3,714,141,24
2401,1,2,542,60,4
2402,2,2,429,541,3
2403,3,3,596,327,5
2404,4,1,373,324,22
2405,3,3,417,392,11
2406,3,2,596,183,4
2407,3,2,767,410,16
2408,4,2,671,589,25
2409,1,2,750,422,21
2410,5,1,147,413,16
2411,5,3,636,450,3
2412,1,3,8,418,17
2413,3,2,146,236,15
2414,1,3,503,410,15
2415,2,1,691,424,19
2416,1,1,640,544,20
2417,4,3,201,397,3
2418,4,1,221,399,18
2419,1,1,407,110,7
2420,3,3,322,140,10
2421,4,1,411,71,14
2422,3,3,252,258,17
2423,3,1,597,120,8
2424,1,2,202,479,14
2425,1,1,666,80,19
2426,4,3,327,518,23
2427,2,2,618,40,3
2428,3,1,291,595,24
2429,4,2,503,149,1
2430,3,2,84,486,15
2431,1,2,386,499,16
2432,1,1,167,445,10
2433,4,2,631,87,13
2434,1,3,210,445,24
2435,4,3,745,292,1
2436,4,3,345,465,19
2437,2,2,100,43,24
2438,3,1,715,191,8
2439,5,1,343,326,17
2440,1,3,133,73,15
2441,4,1,686,252,15
2442,1,2,142,520,15
2443,3,3,545,307,21
2444,3,3,433,174,4
2445,4,3,303,410,3
2446,3,3,469,282,18
2447,2,2,59,355,4
2448,2,2,684,340,1
2449,5,1,347,263,7
2450,1,1,454,483,14
2451,5,1,375,33,1
2452,2,3,119,412,14
2453,3,1,497,552,6
2454,5,1,94,552,19
2455,5,1,773,242,5
2456,2,2,199,527,3
2457,3,3,739,199,25
2458,2,1,301,399,23
2459,4,1,180,401,2
2460,5,2,20,184,17
2461,4,3,276,291,23
2462,3,2,127,290,3
2463,3,2,14,228,17
2464,5,3,616,534,14
2465,1,3,268,454,8
2466,3,3,78,261,24
2467,2,2,245,499,13
2468,3,2,45,410,25
2469,2,1,112,259,13
2470,1,3,675,275,1
2471,3,2,211,363,14
2472,5,2,58,320,3
2473,2,2,331,368,22
2474,4,1,162,39,21
2475,1,3,308,130,19
2476,4,3,205,586,25
2477,5,3,360,230,7
2478,3,3,767,434,17
2479,3,2,64,188,12
2480,4,1,467,30,19
2481,5,1,708,33,16
2482,1,2,161,403,19
2483,4,2,44,514,9
2484,1,1,246,437,18
2485,2,3,767,459,1
2486,3,1,410,279,1
2487,2,2,235,59,2
2488,2,2,216,163,1
2489,2,3,409,405,21
2490,4,1,200,167,19
2491,2,3,159,188,17
2492,5,1,379,189,17
2493,2,3,790,380,15
2494,2,3,186,222,16
2495,1,3,239,179,20
2496,1,3,435,284,18
2497,5,1,555,400,12
2498,4,2,466,531,20
2499,5,1,346,311,10
2500,3,3,209,469,16
2501,4,2,373,226,6
2502,5,2,705,20,8
2503,5,3,75,399,17
2504,2,3,483,217,11
2505,1,2,198,537,22
2506,2,2,729,58,10
2507,2,2,430,504,7
2508,5,3,723,595,23
2509,3,3,20,140,2
2510,1,3,389,95,4
2511,5,3,596,532,1
2512,2,3,117,556,5
2513,2,2,728,499,16
2514,3,1,72,216,21
2515,5,3,780,398,8
2516,4,3,561,95,11
2517,5,1,724,573,2
2518,4,2,591,355,18
2519,3,2,274,285,20
2520,5,3,391,559,23
2521,3,2,607,404,11
2522,5,2,31,427,20
2523,5,1,783,452,9
2524,4,2,749,359,22
2525,3,3,336,468,17
2526,4,1,307,131,15
2527,4,3,761,546,4
2528,4,3,540,349,3
2529,2,3,464,286,14
2530,3,3,394,53,14
2531,3,1,312,373,12
2532,2,3,567,165,22
2533,4,3,497,455,12
2534,1,3,148,39,5
2535,2,2,282,177,16
2536,5,1,156,217,13
2537,3,1,274,15,20
2538,3,1,241,106,13
2539,3,1,260,293,12
2540,5,3,452,174,7
2541,1,3,469,218,25
2542,3,3,30,41,15
2543,2,1,614,314,22
2544,1,3,608,305,5
2545,4,3,701,275,25
2546,4,3,360,101,3
2547,1,3,642,110,8
2548,3,2,481,390,24
2549,5,1,100,51,20
2550,4,2,711,510,7
2551,2,2,13,239,4
2552,5,3,363,375,14
2553,3,2,704,246,2
2554,3,2,51,235,16
2555,2,3,153,201,7
2556,3,1,402,371,23
2557,4,3,206,241,18
2558,5,1,160,579,1
2559,1,2,413,596,14
2560,4,1,294,562,15
2561,3,2,107,334,4
2562,3,2,756,388,18
2563,5,1,311,186,5
2564,1,3,485,382,9
2565,1,3,623,507,21
2566,4,3,535,343,20
2567,1,1,763,276,19
2568,2,1,51,293,15
2569,3,1,524,124,25
2570,3,2,590,237,21
2571,4,2,786,143,21
2572,1,1,756,227,13
2573,1,2,600,253,10
2574,3,1,253,11,6
2575,3,3,711,209,19
2576,1,1,56,246,21
2577,3,2,419,276,22
2578,2,2,576,240,11
2579,3,2,521,216,19
2580,3,1,352,43,22
2581,5,1,661,109,6
2582,1,3,313,215,22
2583,5,3,761,229,14
2584,4,2,551,321,5
2585,2,1,669,326,3
2586,3,2,678,183,16
2587,5,1,593,141,6
2588,3,1,409,84,8
2589,1,3,653,331,11
2590,1,2,243,246,18
2591,3,2,434,504,11
2592,1,1,363,178,3
2593,5,3,741,506,16
2594,1,1,464,64,17
2595,4,2,772,48,3
2596,4,1,188,175,22
2597,3,1,263,277,11
2598,3,1,662,529,20
2599,1,1,156,250,23
2600,1,3,798,126,7
2601,2,3,580,91,2
2602,5,2,96,106,1
2603,3,2,62,529,21
2604,1,1,361,194,4
2605,2,1,362,524,2
2606,3,2,106,84,22
2607,1,2,199,324,11
2608,3,2,100,83,10
2609,5,1,463,253,21
2610,2,1,312,551,12
2611,5,1,690,12,24
2612,3,2,595,427,4
2613,2,1,57,474,14
2614,2,1,180,145,16
2615,2,1,403,440,11
2616,2,3,652,252,15
2617,5,3,45,579,1
2618,4,3,190,428,14
2619,2,2,185,441,14
2620,4,2,612,208,3
2621,4,3,197,566,14
2622,5,3,760,67,2
2623,3,3,455,319,4
2624,2,3,578,591,15
2625,4,1,265,131,5
2626,1,2,111,307,23
2627,2,3,698,139,2
2628,1,2,31,110,24
2629,5,3,678,504,3
2630,5,3,687,430,17
2631,1,3,155,538,7
2632,3,1,278,477,4
2633,2,2,210,72,11
2634,5,3,685,541,5
2635,3,1,11,230,24
2636,5,1,217,461,23
2637,5,3,165,513,10
2638,1,1,631,95,2
2639,2,1,227,281,24
2640,4,3,486,64,12
2641,1,1,293,469,10
2642,5,1,569,569,8
2643,1,3,178,216,20
2644,5,1,122,208,22
2645,1,2,620,556,7
2646,4,2,696,287,3
2647,2,3,588,442,13
2648,2,3,372,35,15
2649,4,1,441,179,11
2650,1,2,37,306,9
2651,5,1,542,566,11
2652,3,2,413,331,1
2653,1,1,674,516,25
2654,1,1,383,220,21
2655,4,3,647,487,11
2656,1,1,649,315,12
2657,4,3,737,157,14
2658,2,3,217,432,2
2659,4,2,711,536,20
2660,4,1,605,298,25
2661,2,2,539,283,8
2662,5,3,563,266,7
2663,4,2,40,197,21
2664,5,2,632,304,21
2665,5,2,500,456,15
2666,2,2,400,387,11
2667,2,1,327,281,24
2668,2,1,618,27,17
2669,4,2,369,437,21
2670,2,1,389,450,19
2671,3,3,337,20,25
2672,2,2,642,346,23
2673,5,2,125,98,6
2674,4,1,165,19,2
2675,4,2,355,455,15
2676,5,3,426,179,18
2677,5,3,566,209,14
2678,2,1,795,490,3
2679,5,2,527,235,20
2680,4,2,262,145,12
2681,1,1,578,256,17
2682,1,1,795,508,12
2683,3,2,237,597,22
2684,5,1,92,39,6
2685,2,2,768,168,15
2686,3,1,535,544,8
2687,4,2,297,379,6
2688,3,2,360,71,10
2689,1,2,713,274,1
2690,4,3,606,100,1
2691,5,3,735,24,21
2692,2,1,524,361,11
2693,4,2,85,596,13
2694,5,1,396,97,16
2695,5,1,44,467,5
2696,1,2,759,162,4
2697,5,2,467,369,22
2698,2,2,425,161,21
2699,2,2,296,598,19
2700,2,2,581,111,15
2701,5,2,627,450,8
2702,3,3,453,240,8
2703,4,1,525,129,22
2704,2,1,432,8,18
2705,4,2,192,527,25
2706,2,2,443,206,25
2707,5,2,342,442,9
2708,2,1,616,168,23
2709,1,3,769,15,8
2710,2,1,125,91,19
2711,5,3,730,41,8
2712,2,3,139,334,9
2713,2,3,781,293,6
2714,5,3,597,176,24
2715,5,3,121,483,12
2716,5,1,51,520,4
2717,2,2,59,68,21
2718,2,3,777,184,20
2719,3,3,703,565,1
2720,1,3,496,366,21
2721,5,1,247,405,5
2722,4,1,665,374,24
2723,1,2,728,176,6
2724,2,2,33,534,4
2725,2,1,264,481,22
2726,3,2,728,180,23
2727,5,2,727,594,22
2728,3,1,513,39,23
2729,2,2,335,306,19
2730,4,3,535,310,6
2731,3,2,331,180,1
2732,2,3,380,391,20
2733,5,1,794,142,16
2734,4,1,600,581,15
2735,1,2,339,401,18
2736,4,3,673,312,4
2737,3,2,281,225,13
2738,2,2,219,225,20
2739,3,2,763,395,17
2740,4,1,779,560,14
2741,4,2,229,142,12
2742,3,2,144,282,16
2743,2,3,584,499,12
2744,2,3,285,266,23
2745,5,2,532,484,25
2746,4,1,793,376,16
2747,3,2,322,308,12
2748,5,2,249,103,21
2749,5,3,334,536,3
2750,5,3,707,237,13
2751,1,3,547,69,6
2752,4,3,472,137,23
2753,3,3,269,33,11
2754,2,1,199,204,1
2755,3,3,337,72,17
2756,3,3,435,305,15
2757,2,1,441,242,25
2758,4,2,574,385,25
2759,2,2,641,596,1
2760,5,2,759,332,19
2761,5,1,550,82,19
2762,2,3,529,228,2
2763,1,2,128,123,25
2764,1,2,674,390,7
2765,3,3,799,431,13
2766,5,3,719,342,20
2767,2,2,755,127,20
2768,3,1,66,164,5
2769,2,2,641,195,5
2770,5,1,654,572,3
2771,5,1,485,84,1
2772,3,1,297,434,24
2773,2,3,431,311,4
2774,1,2,151,138,24
2775,4,1,137,481,13
2776,2,1,4,97,23
2777,1,3,677,309,1
2778,3,3,305,334,17
2779,4,1,542,134,1
2780,5,3,221,64,6
2781,4,3,703,284,24
2782,4,2,715,250,18
2783,4,1,658,102,23
2784,5,1,116,26,25
2785,3,3,127,42,23
2786,4,3,16,244,7
2787,2,1,410,158,8
2788,5,1,283,394,17
2789,2,2,548,584,25
2790,1,1,91,184,20
2791,4,2,722,309,9
2792,3,3,774,40,13
2793,1,3,250,15,14
2794,1,1,46,116,23
2795,4,2,672,292,16
2796,4,2,777,203,11
2797,2,2,746,521,21
2798,2,2,606,125,19
2799,2,1,516,82,19
2800,2,3,184,13,24
2801,3,2,797,70,23
2802,5,3,293,213,2
2803,5,1,503,208,14
2804,3,3,246,101,23
2805,3,1,135,372,12
2806,2,1,491,275,1
2807,5,3,587,112,4
2808,4,1,455,455,14
2809,1,3,145,461,14
2810,4,2,538,567,1
2811,4,2,623,154,8
2812,3,2,212,526,7
2813,3,2,32,64,2
2814,1,2,546,458,25
2815,5,3,508,459,6
2816,5,3,161,338,18
2817,3,1,402,550,6
2818,1,1,639,204,9
2819,1,2,371,332,11
2820,4,3,524,440,5
2821,1,1,464,164,24
2822,3,3,551,247,9
2823,2,1,35,592,3
2824,4,3,201,463,18
2825,1,3,534,260,14
2826,1,3,413,196,9
2827,2,3,764,40,15
2828,5,3,386,309,12
2829,3,1,159,525,25
2830,2,3,338,461,16
2831,2,2,480,7,17
2832,1,1,482,258,25
2833,1,1,299,316,5
2834,4,1,51,375,9
2835,1,2,399,334,20
2836,4,1,492,513,4
2837,2,1,428,588,12
2838,3,3,111,175,4
2839,3,1,234,35,24
2840,2,1,507,516,21
2841,5,2,19,87,5
2842,2,2,712,50,1
2843,2,2,275,306,2
2844,5,1,255,194,23
2845,4,1,443,35,13
2846,3,1,622,68,8
2847,2,3,445,267,8
2848,1,1,799,253,21
2849,2,1,107,284,11
2850,3,1,6,304,18
2851,4,3,204,230,15
2852,2,3,599,245,14
2853,3,3,324,517,16
2854,4,2,650,587,20
2855,4,2,778,519,1
2856,5,1,81,7,18
2857,2,3,441,115,1
2858,5,1,634,241,7
2859,2,2,86,202,4
2860,4,1,699,33,10
2861,4,2,261,539,6
2862,3,1,431,106,20
2863,1,2,573,355,2
2864,4,3,189,421,5
2865,2,3,254,369,3
2866,3,3,326,558,22
2867,2,1,261,113,14
2868,3,1,485,534,9
2869,3,2,538,125,4
2870,5,2,370,373,19
2871,3,3,129,490,7
2872,3,3,533,125,23
2873,4,3,133,162,16
2874,3,2,168,121,21
2875,4,3,105,379,18
2876,2,1,620,552,1
2877,5,2,303,317,4
2878,1,2,239,545,2
2879,5,1,109,209,3
2880,3,1,348,477,1
2881,3,3,65,243,4
2882,2,3,717,399,15
2883,4,2,58,253,12
2884,5,2,14,340,11
2885,1,2,373,454,6
2886,3,3,432,580,18
2887,5,3,447,330,24
2888,2,3,766,569,20
2889,4,1,532,156,13
2890,5,1,783,597,22
2891,1,3,576,403,22
2892,5,1,731,374,4
2893,4,2,101,485,4
2894,4,3,776,421,11
2895,1,2,331,321,20
2896,3,1,368,50,13
2897,1,2,728,583,16
2898,5,3,51,62,13
2899,3,1,620,286,3
2900,5,1,335,291,24
2901,5,2,70,446,19
2902,4,3,536,229,10
2903,5,3,192,35,12
2904,3,1,482,193,25
2905,4,3,281,48,12
2906,5,2,480,348,1
2907,3,3,124,427,20
2908,3,2,617,241,14
2909,3,3,457,247,23
2910,5,3,391,77,1
2911,1,2,733,545,5
2912,3,3,7,346,5
2913,5,1,662,278,20
2914,5,2,376,306,19
2915,1,2,570,205,25
2916,4,2,39,416,24
2917,4,3,264,74,13
2918,5,3,698,59,15
2919,1,2,582,223,12
2920,4,2,307,495,3
2921,1,1,600,415,16
2922,2,2,377,566,18
2923,5,2,379,431,5
2924,5,2,369,214,14
2925,2,1,566,422,15
2926,1,1,650,297,25
2927,5,3,57,226,19
2928,1,2,61,205,13
2929,3,1,684,230,4
2930,1,2,666,117,12
2931,1,1,466,64,15
2932,2,3,295,580,1
2933,4,1,222,97,16
2934,5,2,38,530,6
2935,4,2,702,385,6
2936,2,2,251,134,7
2937,4,1,341,389,9
2938,2,3,3,438,22
2939,5,3,687,393,8
2940,4,2,523,143,2
2941,2,2,25,216,19
2942,3,1,355,327,15
2943,4,1,572,392,10
2944,4,1,69,64,3
2945,3,1,338,112,4
2946,1,2,442,105,2
2947,3,3,412,358,14
2948,2,2,111,181,20
2949,2,2,41,255,5
2950,2,1,230,418,23
2951,5,1,220,234,19
2952,3,1,100,422,9
2953,2,3,315,434,6
2954,3,2,111,367,1
2955,2,2,641,3,7
2956,1,2,204,406,2
2957,2,3,561,95,23
2958,2,1,405,594,12
2959,2,1,329,453,11
2960,1,2,127,290,8
2961,2,3,282,336,25
2962,5,1,450,109,25
2963,1,1,138,83,22
2964,2,3,209,117,10
2965,1,2,151,131,15
2966,2,2,151,292,24
2967,4,2,410,185,12
2968,5,3,441,365,3
2969,5,2,268,317,7
2970,3,3,712,191,16
2971,2,1,476,72,23
2972,3,2,219,21,12
2973,1,3,399,420,12
2974,4,3,603,370,23
2975,5,3,353,93,14
2976,5,1,61,320,1
2977,2,2,517,542,23
2978,1,2,555,41,21
2979,2,3,716,391,11
2980,2,3,205,84,15
2981,1,2,773,364,5
2982,2,1,154,13,22
2983,2,3,566,474,19
2984,4,1,616,221,6
2985,1,1,658,252,8
2986,4,2,570,41,9
2987,4,1,559,167,5
2988,2,1,520,17,24
2989,4,3,529,491,23
2990,3,1,281,189,20
2991,3,1,170,74,9
2992,1,3,62,185,10
2993,3,1,564,561,4
2994,5,3,691,382,1
2995,1,1,624,106,22
2996,2,2,371,114,11
2997,1,3,174,336,23
2998,3,2,388,350,11
2999,2,3,144,284,12
3000,1,1,523,157,11
